Kepler problem: TEST(100) - average time:
--------------------------------------
T_ODE45_sub_ALL = 8.535708599999998

T_ODE23_sub_ALL = 92.031735800000007

T_ODE15s_sub_ALL = 20.931391099999995

T_TAYLOR_GN_ordered_v2_ALL = 5.711583599999998

T_TAYLOR_VS_ALL = 4.589691200000000